A13J-11A A20N-11A A20Q-11A A20R-11A A20U-11A A20W-11A A2LA-11A A2LB-11A A0YN-11A A0YR-11A A3BM-11A A3WC-11A A6I3-11A A2C5-11A A3OP-11A A3OQ-11A A3WV-11A A54R-11A A5RI-11A
A1BG 19.9152 13.9983 3.5336 22.9086 31.7829 35.8685 28.2700 40.7699 14.4718 27.0588 27.0829 45.1662 379.7742 54.5335 21.6638 25.0463 44.3067 10.7527 135.0147
A1CF 0.0000 0.0000 0.0000 0.3957 0.0000 0.0000 0.0000 0.0000 0.0000 0.0000 0.0000 0.0000 0.0000 1.1962 0.0000 0.3332 0.0000 0.0000 0.0000
A2BP1 0.0000 0.0000 0.0000 0.3957 0.0000 10.4110 8.0169 1.3915 0.7236 1.7647 31.9374 0.0000 1.3280 3.1898 0.3438 15.3290 14.1807 13.1422 3.3768
A2LD1 41.2539 54.8469 55.2739 54.5548 60.1550 63.5178 52.4684 74.9165 91.1577 40.7941 78.4255 57.6210 89.0239 147.8429 77.4905 129.9735 70.1418 33.8232 80.6045
A2ML1 0.7376 0.0000 0.0000 1.1872 35975.1938 38.3562 43.4599 30820.5009 0.7236 4.1176 10.2200 243.1487 100.9296 157.4960 1769.3365 412.8840 26.7857 75.8662 7.2360
A2M 35276.1350 54673.5958 31100.6007 59156.5453 27120.0853 173726.4767 27797.3882 30808.3952 59332.7496 56159.1588 60484.8162 38265.0146 46328.8380 20249.5295 17636.9337 37817.0097 8306.1292 34322.5568 82397.9382
A4GALT 744.9751 1314.9606 1060.0707 2015.4333 1805.4264 969.8630 3233.7553 1303.8033 1021.7077 1246.4706 1237.2550 1145.7726 1771.5803 1338.9155 2089.3778 1089.3607 1518.3824 1409.1995 1714.4566
A4GNT 0.0000 0.0000 0.0000 0.0000 0.0000 0.0000 0.0000 0.4638 0.7236 0.5882 1.2775 3.4985 0.0000 0.0000 0.0000 1.3330 1.0504 1.1947 0.0000
AAA1 0.0000 0.0000 0.0000 0.0000 0.0000 0.5479 0.0000 0.0000 0.0000 0.5882 0.6387 0.0000 0.0000 0.3987 0.0000 0.3332 0.0000 0.0000 0.0000
AAAS 486.0778 419.0726 601.5901 450.7321 660.4651 677.2603 622.3629 574.6753 638.9291 669.4118 630.4443 663.5569 806.1089 574.5614 680.9900 580.1704 711.1345 556.7503 550.4207
AACSL 0.0000 0.0000 0.0000 0.0000 21.7054 0.0000 0.0000 1.3915 0.0000 0.0000 0.6387 0.0000 0.6640 0.0000 0.0000 0.6665 0.0000 0.0000 0.0000
AACS 388.7147 343.8320 307.4205 318.9553 1399.2248 562.7397 519.4093 865.4917 486.9754 396.4706 404.3275 362.0991 620.8499 605.2632 335.8542 506.8577 575.1050 431.8996 359.3895
AADACL2 29.5040 4.3745 7.9505 3.5615 199.2248 5.4795 0.4219 5.5659 7.9595 5.8824 2.5550 4.0816 0.0000 51.0367 0.6875 5.9983 0.0000 3.5842 10.1304
AADACL3 0.0000 0.0000 0.0000 0.0000 0.0000 0.5479 0.0000 0.0000 0.0000 0.0000 0.0000 0.0000 0.0000 0.0000 0.0000 0.0000 0.0000 0.0000 0.0000
AADACL4 0.0000 0.0000 1.7668 0.7915 0.7752 4.3836 0.0000 0.0000 5.7887 5.8824 0.0000 4.6647 1.3280 0.0000 0.6875 1.3330 0.0000 0.0000 0.9648
AADAC 16.2272 9.6238 1.7668 1.9786 1090.6977 70.1370 7.1730 22.2635 19.5369 1.1765 84.3147 4.0816 387.1182 224.4817 5.1564 141.9601 1.5756 63.9188 9.1656
AADAT 148.2574 134.7332 145.7597 182.0340 21.7054 126.0274 154.4304 31.5399 82.4891 131.7647 147.5508 169.6793 59.0969 137.9585 90.7528 222.2709 148.1092 84.8268 111.4349
AAGAB 597.4553 735.7830 756.1837 635.1405 1087.5969 1015.3425 1297.4684 1251.8553 693.9219 679.4118 857.1999 650.1458 1171.9788 1507.9745 1235.8199 1075.0314 1339.2857 1003.5842 917.5286
AAK1 1029.6884 915.1356 1047.7032 799.7626 793.7984 999.4521 1163.2911 878.0148 1203.3285 932.9412 1067.9867 828.5714 970.7835 926.6348 1010.6566 1439.5957 1038.3403 1014.3369 849.0275
AAMP 2278.4437 2303.5871 2469.9647 2850.8112 3174.4186 2346.8493 4027.8481 2877.0872 1957.3082 2732.3529 2893.5287 2587.7551 2934.9270 2605.2632 3797.8687 2537.6207 3667.0168 3045.9976 3009.2235
AANAT 1.4752 0.0000 0.0000 0.0000 0.0000 0.0000 0.0000 0.0000 0.0000 0.0000 0.6387 2.3324 5.3121 1.1962 0.6875 0.0000 0.0000 1.1947 1.9296
AARS2 282.5005 342.9309 257.0671 226.3554 664.2713 358.9041 371.3080 546.8460 307.5181 361.1765 436.8909 366.7638 342.6295 420.2432 530.7563 515.5186 571.3918 351.2545 316.4460
AARSD1 902.8213 1007.8740 1219.9647 910.5659 712.4031 647.1233 718.1435 563.0798 1084.6599 952.3529 546.7683 773.7609 1217.7955 547.4482 397.7312 621.8254 735.2941 493.4289 628.0874
AARS 3690.2084 3432.1960 4187.2792 3172.1409 2254.2636 2587.9452 2214.3460 1332.5603 3293.7771 3732.3529 1863.8668 2718.3673 2139.4422 2106.4593 2029.2197 2335.6774 1986.8697 1408.6022 1851.9412
AASDHPPT 550.2489 481.1899 514.1343 416.6996 910.0775 784.1096 501.6878 545.4221 544.8625 613.5294 656.6330 556.2682 314.7410 740.8293 685.8027 829.7670 764.7059 434.8865 627.1226
AASDH 205.0526 272.9659 210.2473 194.3015 199.2248 243.2877 205.9072 179.9629 196.0926 247.0588 309.1541 300.2915 177.9548 352.8708 338.2606 410.5514 318.8025 154.7192 173.1823
AASS 382.0763 326.3342 187.2792 428.9672 877.5194 464.6575 567.0886 626.6234 202.6049 457.0588 620.2244 507.8717 201.8592 588.9155 779.9931 678.8094 530.9874 803.4648 533.5366
AATF 1613.1293 1244.9694 1619.2580 1432.1330 1139.5349 1282.1918 2002.1097 1428.5714 1095.5137 1447.0588 1341.3709 1310.7872 2209.1633 1672.6475 1089.3778 896.7482 1323.0042 1476.7025 1521.0134
AATK 44.9935 131.2336 26.5018 158.2905 27.9070 78.3562 31.6456 105.2876 47.7569 112.4765 60.6811 63.5569 123.5060 62.2010 67.0333 36.9896 57.7731 94.3847 171.7930
ABAT 162.2718 148.7314 92.7562 91.8085 724.8062 371.5068 1337.5527 381.7254 99.8553 388.8235 759.4714 390.6706 146.0823 1725.2791 1073.2210 1634.5410 1516.2815 861.4098 309.7021
ABCA10 49.5667 26.2467 24.7350 24.1393 11.6279 41.0959 43.0380 11.1317 27.4964 112.3529 180.7657 167.3469 45.8167 36.2839 46.4077 114.9677 78.7815 212.6643 69.9483
ABCA11P 54.4569 61.7760 84.4346 77.7681 56.0388 60.7890 31.9325 36.3265 76.7149 75.1353 100.1876 72.3848 38.5325 38.2815 60.0481 106.0336 104.7952 53.3453 51.7376
ABCA12 0.0000 0.0000 0.0000 0.3957 894.5736 21.3699 6.7511 291.7440 1.4472 0.0000 10.8587 19.2420 3.3201 15.9490 181.1619 10.3304 2.1008 8.3632 1.9296
ABCA13 0.0000 0.0000 0.0000 0.0000 360.4651 25.2055 11.3924 9.2764 0.7236 1.1765 6.3875 7.5802 13.2802 61.4035 73.5648 143.9596 53.5714 23.8949 3.3768
ABCA17P 1.4752 6.1242 1.7668 2.7701 0.7752 1.0959 7.1730 3.2468 3.6179 2.9412 3.1937 5.2478 7.3041 3.1898 1.7188 6.9980 9.9790 1.7921 1.4472
ABCA1 3809.6847 2919.5013 1909.8940 4962.6949 1272.0930 933.1342 424.0506 444.3414 1884.8625 1829.3882 1176.5739 2116.0058 369.1899 973.2775 713.6404 2414.9818 1008.3981 547.7897 1210.3466
ABCA2 1068.7811 832.0210 1351.5901 903.8385 458.9147 850.4110 384.3882 459.1837 1319.1027 1210.0000 996.4470 963.2653 915.0066 326.9537 591.6122 1080.0300 788.8655 920.5496 806.5761
ABCA3 791.4439 658.7927 1199.6466 510.0910 115.5039 240.5479 118.9873 135.4360 988.4226 613.5294 158.4095 471.1370 355.9097 115.6300 115.8474 389.5573 246.3235 80.6452 251.3314
ABCA4 26.5536 17.4978 5.3004 12.6632 52.7132 6.0274 10.9705 13.4508 13.7482 12.3529 3.8325 4.0816 59.0969 15.5502 6.8752 0.9997 1.5756 1.1947 77.6667
ABCA5 169.5003 96.2380 117.4912 240.6015 812.4031 308.4932 446.4135 611.7811 76.7004 269.4118 897.4410 301.4577 163.3466 474.8804 753.1798 707.4680 485.8193 770.6093 239.2714
ABCA6 859.3030 348.2065 351.5901 284.1314 10.8527 254.7945 329.9578 70.9647 376.9899 682.3529 743.5027 523.0321 101.5936 215.3110 105.1908 460.5373 132.8782 960.5735 572.6111
ABCA7 26.5536 55.9930 29.1519 43.5299 714.7287 250.9589 244.3038 388.2189 41.9682 124.7059 337.2590 303.7901 1367.1979 645.9330 621.1757 377.8939 215.3361 441.4576 299.5716
ABCA8 1377.8351 835.5206 539.7527 1054.2145 45.7364 1418.0822 283.9662 289.4249 696.8162 1877.0588 1906.6629 613.4111 205.8433 457.7352 100.0344 1044.7066 480.0420 1624.8507 715.8845
ABCA9 1062.8803 710.4112 590.9894 391.3732 13.1783 330.9589 25.7384 25.0464 450.7959 768.2353 234.4205 661.8076 45.1527 78.9474 95.9092 181.6157 33.6134 280.1673 406.1825
ABCB10 500.0922 560.8049 585.6890 491.8876 349.6124 422.4658 121.9409 310.7607 753.9797 447.6471 343.6465 463.5569 209.1633 406.2998 343.7607 383.8922 265.7563 266.4277 448.6338
ABCB11 0.7376 0.8749 0.0000 0.0000 0.0000 5.4795 1.2658 2.3191 0.0000 1.1765 3.1937 1.7493 0.0000 0.7974 9.9691 4.6654 0.0000 1.1947 2.8944
ABCB1 58.2703 60.3675 29.1519 164.2264 36.4341 745.2055 186.0759 177.6438 72.3589 211.1765 314.2640 148.1050 150.0664 217.3046 132.0041 285.2532 297.7941 302.2700 215.6337
ABCB4 40.5680 38.4952 93.6396 83.1025 13.1783 44.3836 45.9916 12.0594 133.8640 69.4118 34.4924 60.6414 61.7530 55.0239 23.0320 45.6538 11.5546 32.2581 52.0994
ABCB5 72.2847 41.9948 27.3852 80.3324 0.0000 111.7808 5.4852 2.3191 39.7974 61.1765 11.4975 78.1341 11.2882 3.1898 19.9381 8.6642 0.5252 14.3369 29.4265
ABCB6 713.6124 549.8250 617.7385 630.4788 3209.7442 589.2329 1390.7342 568.6688 636.8524 707.1706 857.6151 629.6152 603.8977 512.9904 1090.1478 893.3791 949.7059 550.4898 716.3428
ABCB7 489.7658 435.6955 431.0954 605.0653 311.6279 372.6027 460.7595 478.2004 506.5123 561.7647 406.8825 550.4373 278.8845 421.8501 376.4180 370.2294 402.8361 387.6941 324.1741
ABCB8 326.0188 448.8189 386.9258 422.2398 784.4961 608.2192 383.1224 691.0946 515.1954 464.1176 351.9502 465.3061 1128.8181 283.0941 595.7374 428.5463 337.7101 329.7491 541.7374
ABCB9 46.4687 30.0350 46.2014 30.8033 91.0155 60.5534 59.8270 65.1623 81.1939 113.3000 65.7272 76.0991 275.6773 104.7089 80.8422 84.4330 91.3130 17.9211 52.0801
ABCC10 362.8988 295.7130 397.5265 184.0127 531.0078 426.3014 405.4852 380.7978 295.2243 391.7647 541.6583 478.1341 334.6614 689.7927 700.2406 889.0836 776.2605 414.5759 430.7850
ABCC11 0.0000 0.0000 0.0000 0.0000 3.8760 0.0000 14.3460 1.8553 2.1708 0.5882 3.8325 2.9155 9.2961 2.3923 4.4689 2.9992 11.5546 5.9737 0.9648
ABCC12 0.0000 0.0000 0.0000 0.0000 0.0000 0.0000 0.0000 0.0000 0.0000 0.0000 0.0000 0.0000 0.0000 0.0000 0.0000 0.0000 0.0000 0.0000 0.0000
ABCC13 0.0000 0.0000 0.0000 0.0000 2.3256 0.5479 1.2658 4.1744 0.0000 0.0000 0.0000 5.2478 5.9761 0.3987 0.6875 5.3318 0.0000 0.0000 0.9648
ABCC1 2434.0771 1809.2738 1864.8410 1605.8567 5118.6047 2153.4247 1550.2110 2048.7013 2002.1708 1388.8235 1476.7855 1716.6181 1555.1129 1578.1499 1309.3847 1892.4685 909.6639 1535.2449 1617.4938
ABCC2 21.3904 9.6238 27.3852 26.5137 31.7829 12.0548 3.3755 6.4935 23.8784 58.2353 22.9949 80.4665 24.5684 7.5758 15.1255 15.3290 4.2017 16.7264 36.1801
ABCC3 18.4400 29.7463 8.8339 18.9949 954.2636 1295.8904 1796.6245 229.5918 7.2359 348.8235 2796.4390 1188.3382 771.5803 1400.7177 1661.3957 3021.4848 3264.7059 5858.4229 2084.4589
ABCC4 736.1239 702.5372 1318.9046 999.6043 141.0853 1364.3836 2284.8101 213.8219 1179.4501 1145.8824 2806.6589 810.4956 306.7729 1491.2281 773.8054 3508.3481 1629.2017 3043.6081 1187.6737
ABCC5 564.2633 363.0796 534.4523 394.5390 2877.5194 1032.3288 4321.9409 1405.3803 470.3329 1013.5294 3039.1632 1437.3178 1264.2762 2687.0016 2958.0612 4340.4477 3308.2983 11025.0896 1654.6388
ABCC6P1 1.4752 0.0000 0.0000 0.7915 0.0000 0.0000 0.4219 0.0000 0.7236 1.1765 0.0000 0.5831 1.9920 0.7974 0.0000 1.9994 1.0504 0.5974 0.0000
ABCC6P2 0.7376 1.7498 2.6502 6.3316 0.0000 6.5753 5.4852 1.3915 3.6179 4.7059 10.8587 5.8309 3.3201 3.1898 2.7501 7.6645 5.7773 1.7921 3.8592
ABCC6 4.4256 3.4996 0.8834 23.7436 1.5504 12.6027 7.1730 13.4508 7.9595 10.5882 14.6912 9.3294 7.3041 15.9490 14.7817 13.3296 13.6555 5.3763 5.7888
ABCC8 8.8512 6.9991 4.4170 2.7701 5.4264 25.7534 1.6878 5.5659 7.9595 23.5294 3.8325 17.4927 8.6321 0.7974 2.4063 4.6654 81.4076 2.9869 12.5425
ABCC9 1269.4081 1181.1024 682.8622 2075.9794 157.3643 711.2329 55.2743 117.8108 1323.4443 1185.2941 295.1016 689.2128 71.7131 78.1499 145.0670 278.9217 81.4076 137.3955 234.9298
ABCD1 839.3878 800.5249 1000.0000 821.1318 244.9612 352.8767 301.2658 128.0148 894.3560 721.1765 347.4789 626.2391 393.7583 265.9490 345.4795 466.8689 382.8782 314.8148 463.5883
ABCD2 126.1294 122.4847 145.7597 90.2256 13.9535 55.3425 4.6414 8.3488 161.3603 110.5882 19.1624 72.3032 14.6082 27.5120 11.0003 48.9862 22.5840 7.1685 31.8385
ABCD3 955.9285 910.7612 1023.8516 1027.3051 2074.4186 2526.0274 1407.5949 2224.0260 1140.3763 931.1765 1221.9250 1148.1050 1284.1965 2193.3812 1766.5865 1756.8400 2015.7563 1584.8268 873.1476
ABCD4 438.8715 354.3307 404.5936 374.3569 497.6744 601.6438 604.2194 476.3451 384.9493 495.8824 628.5281 636.1516 1119.5219 586.5231 749.0547 725.7962 883.9286 417.5627 811.8825
ABCE1 1038.5396 1249.3438 1030.0353 1936.6838 1842.6357 1591.7808 1114.7679 1954.5455 892.1852 1119.4118 1425.6857 1037.9009 712.4834 1663.0781 1517.7037 1286.9719 1287.8151 2107.5269 1401.8601
ABCF1 1971.6024 2177.6028 2189.9293 1982.5880 1382.9457 1968.7671 2758.6498 2317.2542 2206.2229 1898.2353 2047.1875 1882.7988 2291.5007 1834.1308 2244.0701 1701.5222 1936.9748 3017.3238 2051.6556
ABCF2 1238.4289 1379.7025 1361.3074 1383.8544 1228.6822 1517.2603 1406.7511 1581.1688 1070.9117 1071.1765 1065.4318 1071.7201 1375.8300 988.4370 1181.1619 987.0561 1129.7269 1839.3070 1255.6923
ABCF3 647.6120 600.1750 625.4417 406.4108 1227.1318 815.3425 1535.8650 1424.8609 548.4805 801.1765 866.1424 926.5306 1511.9522 1425.8373 1330.6978 929.4057 1290.9664 1120.0717 1122.5494
ABCG1 672.6904 550.3062 251.7668 350.6134 244.9612 367.1233 1471.7300 429.9629 364.6889 1025.2941 1115.8929 774.3440 620.8499 1399.9203 499.4844 885.0848 788.3403 1388.2915 1011.5969
ABCG2 78.1855 27.9965 13.2509 67.6692 210.0775 286.0274 172.9958 167.4397 60.7815 131.7647 565.9308 81.6327 39.8406 130.3828 92.4716 327.5747 245.2731 256.2724 124.4597
ABCG4 2.9504 0.8749 1.7668 2.7701 49.6124 11.5068 5.4852 13.4508 2.1708 2.3529 3.1937 1.1662 3.9841 3.1898 2.0626 4.3321 6.3025 1.7921 4.3416
ABCG5 0.0000 1.7498 1.7668 0.0000 0.0000 1.6438 0.0000 0.0000 0.0000 0.5882 4.4712 1.7493 1.9920 0.3987 0.3438 2.3327 0.0000 0.0000 1.9296
ABCG8 0.0000 0.0000 0.0000 0.0000 0.0000 0.0000 0.0000 0.0000 0.0000 0.0000 0.0000 0.0000 0.0000 0.3987 0.0000 0.3332 0.0000 0.0000 0.0000
ABHD10 592.2921 353.4558 540.6360 343.0946 486.8217 594.5205 437.1308 269.4805 601.3025 688.8235 470.7573 586.5889 691.2351 447.3684 424.5445 552.5115 641.8067 208.4827 350.7062
ABHD11 148.2574 124.2345 189.0459 122.6751 765.1163 334.2466 2111.8143 475.8813 175.1085 215.8824 1481.2567 429.1545 1124.1700 456.1404 1961.8426 586.1687 838.2353 1509.5579 697.0709
ABHD12B 0.0000 1.7498 1.7668 0.0000 11.6279 0.5479 2.1097 4.6382 0.7236 5.2941 3.8325 0.0000 0.0000 7.1770 11.3441 5.6651 3.6765 6.5711 1.9296
ABHD12 657.2008 605.4243 558.3039 447.1706 1664.3411 1276.1644 3864.5570 2098.7941 608.5384 922.3529 1431.4344 903.2070 1667.9947 2379.9841 1369.1990 1939.4553 2997.3739 2344.0860 1662.3572
ABHD13 447.7227 405.9493 377.2085 377.9185 460.4651 541.3699 614.7679 678.1076 427.6411 455.2941 615.7531 424.4898 253.6521 1001.1962 610.5191 614.8273 493.6975 854.8387 592.8720
ABHD14A 259.6349 231.8460 253.5336 243.3716 237.0078 355.1616 546.1983 181.8460 296.6715 521.7059 337.4123 354.7813 531.2085 528.9753 222.9460 339.5713 331.0084 302.8674 495.9768
ABHD14B 1464.1342 1286.9641 1106.0071 1379.5014 2261.2403 1354.5205 3285.6540 1531.0761 1047.7569 2189.4118 2223.4820 1693.8776 2475.4316 2116.8262 2026.8133 1907.4643 2521.5336 1602.1505 2005.3450
ABHD15 219.0669 156.6054 197.8799 96.1615 162.7907 372.0548 528.2700 205.4731 277.1346 265.8824 519.3022 289.2128 274.2364 1257.9745 363.0113 574.1721 482.6681 405.6153 429.8202
ABHD1 2.9504 0.8749 4.4170 2.3744 2.3256 2.7397 0.8439 2.3191 1.4472 4.1176 4.4712 8.7464 4.6481 3.5885 3.4376 3.3324 4.2017 4.1816 1.4472
ABHD2 2450.3043 2572.1785 1852.4735 5976.2564 7862.0155 2933.6986 3075.5274 2798.2375 1864.6889 2853.5294 7093.2971 1590.6706 1149.4024 7641.5470 3367.8240 4922.6176 4754.2017 10221.6249 3039.1324
ABHD3 97.3631 98.8626 69.7880 75.5837 741.8605 244.3836 212.6582 298.7013 158.4660 152.3529 284.2429 216.9096 170.6507 532.2967 330.6978 261.2600 230.0420 296.2963 306.8077
ABHD4 1643.3708 1119.8600 1597.1731 1117.9264 2263.5659 1176.9863 607.1730 700.8349 970.3329 1350.0000 587.6482 1205.2478 422.9748 612.0415 795.4624 934.4043 1122.8992 604.5400 708.1661
ABHD5 519.2698 706.9116 508.8339 1388.6031 1613.1783 653.1507 1089.4515 1237.9406 577.4240 415.8824 992.6145 575.5102 780.8765 902.7113 971.8116 763.1190 602.4160 2369.7730 745.7935
ABHD6 264.0605 233.5958 272.0848 211.7135 350.3876 245.4795 148.5232 562.6160 228.6541 251.7647 161.6033 279.8834 192.5631 320.9729 202.8188 195.9450 167.0168 185.7826 193.9256
ABHD8 280.2877 215.2231 364.8410 179.2639 172.8682 206.0274 198.3122 89.0538 336.4689 288.2353 198.0119 314.2857 310.0930 361.6427 182.8807 202.9430 227.4160 96.1768 251.3314
ABI1 1224.0679 1014.8731 1084.5760 1083.3281 2085.2326 1419.7260 1280.3502 2898.1169 1022.4313 1299.7471 1775.6621 1424.8105 845.3519 2131.3955 1936.4043 1485.0563 1644.0914 2502.3895 1574.5600
ABI2 1976.7656 2272.0910 2320.6714 2740.7994 676.7442 1521.6438 797.8903 666.0482 2442.1129 1897.6471 1314.5435 1545.1895 598.2736 1033.4928 823.3070 1421.2675 1019.9580 1157.7061 841.3090
ABI3BP 3758.0675 3410.3237 3196.1131 3978.2351 260.4651 4330.9589 262.4473 704.5455 5368.3068 4462.9412 1249.3912 2818.0758 666.0027 1001.1962 1066.6896 1866.1426 232.6681 1339.9044 2387.8898
ABI3 84.0863 84.8644 37.1025 133.7554 125.5814 333.6986 171.3080 294.0631 78.8712 254.1176 224.2006 227.9883 895.7503 213.7161 223.1007 163.2875 149.1597 160.0956 535.4662
ABL1 8992.0708 9746.2817 8770.3180 16044.7171 2303.8760 4044.3836 1572.5738 2315.3989 9029.6671 7801.1765 3271.6675 6408.7464 1271.5803 1451.7544 2038.1574 3137.1190 2048.3193 4257.4671 4893.0032
ABL2 907.9845 1861.7673 572.4382 2561.5354 332.5581 833.9726 554.4304 862.7087 604.1968 888.2353 1305.6010 776.0933 1383.7981 466.9059 323.4789 519.5208 402.3109 1431.8996 1064.6612
ABLIM1 6714.3647 3622.0472 5682.8622 3399.6834 15237.2093 3663.0137 4847.6793 19281.5399 3402.3155 4100.0000 8644.8162 3443.1487 1958.8313 3589.3142 5136.4730 6026.3076 5391.2815 13616.4875 4331.4873
ABLIM2 52.3695 48.9939 45.9364 87.0598 309.3023 74.5205 47.2574 405.8442 34.7323 101.7647 37.6861 67.6385 152.0584 21.1324 41.2513 25.6595 14.7059 36.4397 56.9234
ABLIM3 3623.8245 1600.1750 1971.7314 1367.2339 746.5116 742.4658 797.4684 1019.0167 1526.7728 1534.1176 503.3335 1956.8513 759.6282 699.7608 1313.8536 1166.3391 1573.0042 752.0908 759.7831
ABO 8.8512 5.2493 3.5336 10.2889 219.3798 96.9863 92.4051 385.8998 7.2359 18.8235 84.3147 68.8047 5.9761 147.5279 113.4410 414.8835 243.6975 82.4373 47.2754
ABP1 4.4256 0.8749 0.0000 0.7915 25.5814 41.6438 12.6582 104.8237 7.2359 10.0000 1.2775 82.2157 336.6534 49.8405 44.0014 4.9986 77.7311 23.8949 320.3149
ABRA 8.1136 169.7288 3.5336 13.4547 4.6512 2.7397 0.8439 5.5659 0.0000 6.4706 1.2775 11.0787 1.3280 3.1898 6.5315 0.9997 4.7269 2.3895 4.8240
ABR 2391.2963 1971.1286 3027.3852 1649.3866 4227.1318 2182.4658 3304.6414 4320.0371 1906.6570 2880.0000 3922.5518 3165.0146 1656.0425 1700.5582 4444.1389 4908.6215 4888.6555 3056.1529 2467.4861
ABT1 429.2827 362.2047 462.0141 373.1698 881.3953 640.5479 832.4895 823.2839 438.4949 558.8235 707.0941 551.6035 944.2231 932.2169 754.5548 585.5022 880.2521 938.4707 1074.7916
ABTB1 1211.1377 844.2695 1096.2898 695.2909 341.8605 549.5890 786.0759 497.6809 622.2865 1114.7059 662.3817 1356.2682 2662.6826 665.4705 642.8326 595.8327 639.7059 523.8949 1123.5142
ABTB2 158.5838 166.2292 279.1519 155.5204 96.1240 168.7671 155.6962 102.9685 80.3184 173.5294 141.1633 162.0991 90.3054 108.8517 88.3465 281.2543 159.1387 242.5329 217.5633
ACAA1 750.1383 608.9239 653.7102 674.7131 1840.3101 1492.6027 2937.1308 2315.8627 765.5572 974.1176 1697.1536 1483.3819 3768.9243 1144.7368 3022.0007 1997.1058 3085.6092 2176.8220 1851.9412
ACAA2 2780.7487 1552.9309 2060.9541 2462.2082 335.6589 1129.8630 1232.4895 344.6197 2486.2518 1690.0000 709.0103 1844.3149 982.0717 873.6045 311.7910 921.0747 735.2941 292.7121 1069.4852
ACACA 3344.2744 3075.2406 2726.1484 3492.6791 2106.9767 1728.2192 1162.4473 1357.6067 3392.9088 2080.0000 1696.5148 2169.0962 832.6693 2218.1021 1405.6377 2319.3486 1785.1891 1296.8937 699.4829
ACACB 3993.3616 2945.7568 3693.4629 4098.5358 320.9302 836.7123 426.1603 401.6698 2301.7366 2565.2941 931.9334 3181.3411 645.4183 467.7033 546.5796 1193.6648 796.7437 567.5030 881.3484
ACAD10 336.3452 354.3307 342.7562 364.8595 355.8140 434.5205 582.2785 413.7291 369.7540 470.0000 628.5281 511.9534 772.9084 442.1850 662.7707 704.4688 712.7101 432.4970 471.3067
ACAD11 435.9211 311.4611 255.3004 285.3186 284.4961 169.3151 189.4515 223.0983 227.2069 320.5882 313.6253 467.0554 199.8672 280.7018 291.5091 413.5505 318.2773 313.6201 269.1803
ACAD8 435.1835 404.1995 416.9611 289.2758 358.1395 238.9041 240.9283 268.0891 402.3155 424.1176 251.6667 527.1137 302.1248 352.0734 401.5125 501.8591 571.9538 242.5329 360.8367
ACAD9 731.6983 719.1514 750.8834 698.6229 1501.5349 891.5068 1008.0169 1329.7635 792.3300 903.5294 797.1576 751.6035 1207.8353 807.7990 929.5290 993.4477 1129.7216 913.3811 804.6465
ACADL 12.5392 4.3745 7.9505 15.8290 1.5504 9.3151 16.0338 7.4212 1.4472 16.4706 19.8012 25.6560 0.6640 23.9234 7.2190 28.3254 63.5504 11.3501 14.4721
ACADM 1180.8962 1533.6833 1323.3216 1514.8397 1216.2791 1078.3562 1387.3418 1385.8998 1039.7974 1239.4118 1202.7626 1118.3673 431.6069 1352.0734 2196.6311 1657.5345 1519.9580 1221.6249 1075.7564
ACADSB 952.2405 955.3806 832.1555 982.9838 824.0310 564.3836 656.1181 541.2801 692.4747 856.4706 781.1889 836.1516 208.4993 491.2281 888.9653 1319.9626 1064.6008 844.0860 518.0997
ACADS 623.2713 410.3237 704.0636 512.0696 672.0930 351.7808 587.3418 382.1892 573.8061 600.5882 397.3013 555.6851 1404.3825 363.2376 632.5198 430.5458 612.3950 314.8148 677.7748
ACADVL 5380.7339 4757.6115 5120.9982 4980.5778 9600.7597 4437.2329 9602.5316 7567.7041 4557.8509 4779.3765 7214.0077 6506.0991 7782.2045 3213.6962 7226.5383 6070.9284 8420.6723 13340.4958 8391.3583
ACAN 2.9504 23.6220 17.6678 30.8666 19.3798 63.5616 21.9409 56.5863 20.2605 192.9412 18.5237 23.9067 52.4568 15.5502 69.0959 17.6617 3.6765 37.6344 60.3002
ACAP1 22.1280 68.2415 11.4841 22.5564 247.2868 259.1781 174.2616 339.0538 22.4313 221.1765 152.0220 510.7872 4156.0425 466.5072 158.8175 153.9568 100.8403 203.1063 978.7936
ACAP2 1188.2722 1141.7323 1127.2085 1215.2750 1706.2016 1513.9726 590.2954 1764.3785 1056.4399 1490.0000 1149.7465 1007.5802 494.0239 1352.8708 969.4053 1441.2619 1000.5252 865.5914 875.5596
ACAP3 1008.3349 1003.4996 1295.0530 1482.8294 1700.1240 798.9315 754.4346 1635.4360 938.4949 1065.2941 1247.1747 1042.0816 1152.7357 702.9944 1474.7886 1036.0424 991.7069 1528.6738 1136.5391
ACAT1 2260.7413 2213.4733 2345.4064 2694.4994 1073.6434 1031.7808 439.2405 1387.7551 2133.8640 2048.8235 724.9790 1508.4548 914.3426 483.6523 543.1420 803.1078 610.8193 430.7049 1037.6467
ACAT2 244.0568 219.2651 187.7208 239.6834 1591.9147 671.3096 696.9958 792.8942 385.1881 341.0647 514.3391 286.9329 225.1062 586.6866 413.4273 327.0981 535.4464 340.1075 368.7191
ACBD3 901.3461 958.8801 863.0742 991.2940 1164.3411 1573.1507 1171.7300 2026.4378 946.4544 1191.7647 1770.6096 1107.2886 417.6627 1822.9665 1523.8914 1363.2838 1138.1303 1916.3680 1157.2823
ACBD4 353.3100 342.0822 359.5406 268.6981 169.7674 140.2740 294.9367 103.4323 268.4515 392.3529 332.7877 458.8921 465.4714 348.8836 272.9460 311.5792 498.9496 186.9773 294.2652
ACBD5 562.7881 453.1934 516.7845 343.0946 870.5426 822.4658 775.5274 522.7273 416.7873 561.1765 638.1093 571.4286 371.1819 1146.3317 865.5895 1135.6811 938.0252 454.5998 520.9941
ACBD6 389.4523 411.1986 416.9611 560.7440 380.6202 404.3836 661.6034 374.3043 463.8205 405.8824 397.9400 428.5714 610.2258 495.2153 478.1712 354.9003 452.7311 304.0621 411.9713
ACBD7 2.9504 0.8749 4.4170 5.5402 17.8295 116.1644 83.1224 23.6549 79.5948 5.8824 32.5762 16.3265 73.0412 74.1627 14.0942 56.6508 62.5000 28.6738 16.4017
ACCN1 0.0000 0.0000 0.8834 0.0000 2.3256 0.0000 0.4219 0.0000 3.6179 0.0000 0.6387 0.5831 4.6481 0.0000 0.3438 1.6662 1.5756 0.0000 0.0000
ACCN2 165.2222 223.0971 155.4770 318.1638 76.7442 180.2740 51.4768 57.5139 269.1751 218.8235 97.7285 120.1166 100.2656 73.7640 26.8133 112.9683 21.0084 41.8160 136.5198
ACCN3 5.9008 8.7489 6.1837 17.4120 4.6512 6.0274 2.1097 6.9573 2.8944 5.8824 3.8325 8.1633 20.5843 3.1898 12.0316 3.3324 7.3529 1.1947 4.8240
ACCN4 0.7376 0.0000 5.3004 3.5615 0.7752 1.6438 0.4219 0.4638 0.7236 4.1176 1.9162 4.0816 3.3201 1.5949 0.6875 2.3327 0.5252 1.1947 0.9648
ACCN5 0.0000 0.0000 0.0000 0.0000 0.0000 0.0000 0.0000 0.0000 0.0000 0.0000 0.0000 0.0000 0.0000 0.0000 0.0000 0.3332 0.5252 0.0000 0.0000
ACCSL 0.0000 0.0000 0.0000 0.0000 0.0000 0.0000 0.0000 0.0000 0.0000 0.0000 0.0000 0.0000 0.0000 0.0000 0.0000 0.0000 0.0000 0.0000 0.0000
ACCS 131.2926 106.7367 128.0919 173.3281 151.9380 66.8493 179.3249 78.3859 71.6353 187.0588 235.0593 446.0641 454.8473 106.4593 404.2626 317.9107 714.8109 330.9438 451.5282
ACD 467.6378 355.2056 440.8127 328.0570 248.8372 359.4521 618.5654 306.1224 424.7467 457.0588 453.5111 477.5510 986.0558 524.7209 348.2296 294.9172 413.8655 367.9809 496.3916
ACE2 63.4335 7.8740 6.1837 6.7273 492.2481 23.0137 43.0380 215.6772 11.5774 11.7647 36.4086 25.0729 11.9522 35.4864 532.4854 43.3212 29.9370 31.0633 25.0849
ACER1 0.0000 0.8749 0.0000 0.0000 77.5194 0.5479 0.0000 151.6698 0.0000 0.5882 0.6387 0.0000 0.6640 0.3987 0.3438 0.9997 0.0000 0.5974 0.4824
ACER2 42.7807 32.3710 27.3852 44.3213 55.8140 389.0411 711.3924 63.0798 40.5210 360.0000 3268.4738 215.7434 104.9137 2333.3333 880.7150 3405.3770 1757.8782 4732.3775 353.6006
ACER3 233.0813 313.2108 252.6502 279.7784 295.3488 325.4795 209.2827 540.3525 371.9247 241.7647 219.0906 200.0000 203.8513 443.3812 523.2039 354.5671 418.5924 256.8698 246.5074
ACE 312.0044 222.2222 318.0212 272.6553 66.6667 1300.8219 370.4641 194.3414 594.0666 591.7647 356.4214 506.7055 179.2829 443.3812 282.5713 409.5517 141.2815 412.1864 783.4208
ACHE 5.1632 23.6220 12.3675 21.7649 13.1783 44.3836 22.3629 55.6586 7.2359 48.2353 93.8960 107.8717 174.6348 47.0494 47.0952 27.9921 28.8866 58.5424 120.6005
ACIN1 2892.1261 3083.1146 3322.4382 2577.7602 2673.6434 2950.1370 2868.3544 3213.8219 2453.6903 2987.6471 4257.8945 3919.5335 2776.2284 2930.2233 3861.8082 3905.9031 3928.5714 4274.7909 2598.6994
ACLY 1981.1912 1963.2546 2316.2544 2232.2913 1980.6202 3429.0411 1691.9831 1933.2096 2426.9175 2548.2353 2109.1461 1619.2420 1864.5418 3978.0702 1965.6239 2532.9553 1879.2017 1994.0263 1964.8232
ACMSD 0.0000 0.0000 0.0000 0.3957 0.0000 0.0000 0.0000 0.0000 0.0000 0.0000 0.0000 0.0000 0.0000 0.0000 0.0000 0.0000 0.0000 4.1816 0.0000
ACN9 124.6543 145.2318 138.6926 146.0230 247.2868 224.6575 243.0380 135.4360 176.5557 147.6471 152.6608 173.1778 77.6892 307.0175 168.0990 166.9531 194.8529 87.8136 191.0312
ACO1 2357.3668 2196.8504 2479.6820 2390.9774 1089.9225 1389.0411 1287.7637 851.1132 3016.6425 1975.2941 956.8446 1737.6093 741.6999 770.3349 812.6504 1084.3621 812.5000 1016.7264 1114.3486
ACO2 4077.1750 4606.5792 3890.7509 4003.9216 3364.3798 2693.2712 4786.6709 3311.2152 4073.9001 3964.0588 2922.2596 3222.0466 2863.5857 2556.9817 4401.9491 3220.3023 3500.3519 4393.4229 3118.1354
ACOT11 307.5788 389.5363 124.0724 141.4840 1426.4884 328.9699 606.1983 733.3952 147.9450 253.4000 502.1518 451.3411 417.8486 703.4211 402.7123 615.9770 963.5084 653.0645 193.2454
ACOT12 0.0000 0.0000 0.0000 0.0000 0.0000 0.5479 0.0000 0.0000 0.0000 0.0000 1.9162 0.5831 0.0000 0.0000 0.0000 0.3332 0.5252 0.0000 0.0000
ACOT13 423.9277 337.2091 478.2686 375.2275 466.5736 507.8959 557.7975 355.6076 482.2938 403.2647 381.7350 516.5073 344.1235 723.0104 530.0928 501.5358 556.7227 315.5317 374.1847
ACOT1 1051.0787 1159.2301 1181.0954 1193.9335 296.1240 404.3836 245.9916 97.8664 1930.5355 1165.2941 233.7818 677.5510 536.5206 256.3796 317.6349 264.2591 399.1597 167.8614 454.9051
ACOT2 639.4984 664.0420 818.0212 810.0237 175.1938 237.8082 145.1477 74.6753 1312.5904 620.0000 182.0432 440.2332 191.8991 249.2026 248.1953 115.6342 262.0798 140.3823 306.3253
ACOT4 12.5392 13.1234 13.2509 19.7863 44.1860 39.4521 42.6160 59.8330 36.1795 29.4118 32.5762 44.3149 23.2404 115.6300 61.8769 45.3206 87.7101 30.4659 21.2257
ACOT6 2.9504 1.7498 1.7668 4.7487 0.7752 2.1918 0.0000 0.0000 5.0651 2.9412 0.6387 5.2478 0.0000 1.1962 0.3438 0.9997 2.1008 0.0000 3.3768
ACOT7 433.7083 480.3150 699.6466 390.1860 904.6512 1224.6575 776.3713 1318.6456 1681.6208 536.4706 297.0178 541.1079 1401.0624 265.1515 621.5194 488.8627 338.7605 235.3644 591.9072
ACOT8 329.6625 262.1347 321.8021 244.4519 479.6434 264.6795 434.3755 430.8071 304.3777 340.1176 283.5594 336.0292 600.8167 531.3836 383.2073 295.4570 365.9034 217.9928 316.5956
ACOT9 819.4726 1083.1146 1363.0742 1147.2101 297.6744 459.1781 233.3333 292.6716 831.4038 754.7059 337.2590 667.6385 867.8619 363.6364 369.5428 388.5575 319.3277 581.2425 651.2427
ACOX1 1632.3068 1466.3167 1565.3710 2395.4294 2050.3876 1781.9233 4220.6751 1980.5195 1344.7902 1719.4412 2839.8291 1843.7318 1071.0491 3112.1451 2243.9464 3635.1691 3798.0042 4518.5185 1572.6304
ACOX2 551.7241 419.0726 417.8445 436.0902 163.5659 237.8082 44.3038 173.4694 548.4805 455.8824 146.9121 518.3673 27.2244 66.1882 180.8182 258.9273 77.7311 76.4636 140.8614
ACOX3 549.5113 749.7813 707.5972 759.3985 1288.3721 397.2603 681.8565 941.5584 684.5152 404.7059 540.3809 476.3848 754.3161 472.8868 846.6827 621.4921 862.9202 553.7634 394.1224
ACOXL 0.0000 0.0000 0.8834 1.1872 0.7752 80.0000 383.5443 0.4638 0.0000 19.4118 162.2420 65.3061 131.4741 248.0064 73.9086 244.5980 486.8697 324.9701 123.4949
ACP1 977.3188 902.0122 1110.4240 1001.9786 1296.1240 1315.6164 1257.8059 912.3377 887.8437 908.8235 924.9072 973.1778 1638.1142 998.8038 1168.4428 1113.0208 1462.7101 1098.5663 1205.0401
ACP2 598.1929 561.6798 544.1696 386.2287 696.8992 914.5205 1040.5063 548.2375 672.2142 754.1176 521.8572 795.9184 1203.8513 920.2552 1187.3496 783.1134 682.7731 390.6810 1021.7274
ACP5 385.0267 510.0612 214.6643 271.4681 475.1938 812.0548 586.4979 881.2616 452.9667 372.3529 625.9731 876.9679 2492.0319 863.2376 540.7356 320.2434 334.5588 326.1649 2108.5790
ACP6 281.7629 202.0997 107.7739 184.8041 313.9535 482.7397 578.4810 167.4397 176.5557 270.0000 387.7201 284.5481 774.9004 461.3238 348.2296 435.8776 755.7773 382.9152 302.4660
ACPL2 109.9023 140.8574 162.5442 135.7341 144.1860 508.4932 148.1013 107.6067 164.2547 197.6471 233.7818 182.5073 423.6388 579.7448 297.3530 301.5820 416.4916 204.8984 203.5736
ACPP 2.2128 8.7489 0.8834 4.7487 1479.8450 25.7534 52.3207 1253.7106 5.0651 11.1765 42.7961 9.3294 28.5525 327.3525 99.6906 50.3192 46.2185 58.5424 24.6025
ACPT 0.7376 0.0000 0.0000 0.0000 0.0000 0.0000 0.0000 1.8553 0.0000 0.0000 0.0000 0.0000 0.0000 0.0000 0.0000 0.0000 0.0000 0.0000 0.4824
ACRBP 18.4400 13.1234 9.7173 11.0803 5.4264 20.8219 5.4852 14.3785 13.7482 15.8824 23.6337 25.6560 17.9283 13.5566 11.6879 20.9941 15.7563 7.7658 36.6626
ACRC 20.6528 6.9991 9.7173 8.7060 8.5271 5.4795 3.7975 14.3785 13.7482 12.9412 10.2200 25.0729 32.5365 17.5439 19.9381 28.9919 24.1597 27.4791 16.4017
ACRV1 3.6880 0.0000 0.8834 5.5402 0.7752 0.5479 2.1097 0.0000 4.3415 3.5294 0.0000 1.1662 11.2882 2.7911 0.6875 0.6665 0.0000 0.0000 0.0000
ACR 2.9504 0.0000 5.3004 3.9573 0.7752 4.3836 1.2658 4.1744 1.4472 8.2353 5.7487 4.0816 5.3121 0.7974 2.4063 2.6659 3.1513 1.7921 7.2360
ACSBG1 73.0223 41.9948 58.3039 61.3376 16.2791 17.5342 35.0211 6.9573 48.4805 42.9412 52.3773 51.3120 9.2961 15.5502 26.1258 43.6544 65.1261 103.3453 65.1243
ACSBG2 1.4752 0.0000 1.7668 0.0000 2.3256 1.0959 0.0000 0.0000 0.7236 0.0000 0.0000 0.5831 1.9920 0.3987 0.0000 1.6662 1.0504 0.0000 0.4824
ACSF2 202.1022 106.7367 136.9258 170.1622 279.8450 842.1918 2506.7511 551.0204 151.2301 471.1765 1555.9903 586.5889 1527.8884 1175.8373 1810.5878 1579.5564 1726.8908 2277.1804 895.3381
ACSF3 340.7708 351.7060 327.7385 252.4733 386.0465 442.7397 654.0084 414.6568 329.9566 398.8235 554.4333 449.5627 1000.0000 446.9697 623.9257 562.8419 646.5336 348.8650 503.6277
ACSL1 2543.2417 2311.4611 2141.3428 2250.4947 3846.5116 1220.2740 1086.4979 2411.8738 1454.4139 1574.1176 1240.4487 1253.0612 990.7039 2461.7225 2643.8639 2078.0831 2950.1050 2131.4217 1848.0820
ACSL3 1664.7612 1660.5424 1738.5159 2062.9205 2283.7209 2007.6712 1868.7764 3141.9295 1593.3430 2007.6471 1708.0123 1758.6006 1092.2975 1726.8740 2436.2324 1871.1412 2272.5840 3043.6081 1380.1521
ACSL4 1550.4333 2090.9886 1979.6820 3191.9272 568.2171 2260.8219 776.7932 882.6531 1400.8683 1752.3529 818.8750 1123.6152 745.0199 1149.5215 706.0846 1385.2776 887.0798 1505.3763 2012.5810
ACSL5 187.3502 202.0997 125.4417 273.0510 590.6977 3075.6164 4078.9030 1137.2913 146.1650 1561.1765 4450.7964 2427.4052 1784.8606 2577.3525 8225.1633 6057.2989 4785.7143 7021.5054 3834.6133
ACSL6 0.0000 2.6247 3.5336 2.7701 0.7752 27.9452 3.7975 3.2468 2.1708 1.7647 5.1100 2.9155 4.6481 8.7719 1.3750 4.3321 4.2017 2.3895 14.9545
ACSM1 0.7376 0.0000 5.3004 26.9094 3.1008 1.6438 82.2785 5.5659 5.0651 8.2353 30.0212 12.8280 15.2722 17.1451 28.5321 99.9719 123.4244 103.9427 34.2505
ACSM2A 0.0000 1.7498 0.8834 0.0000 0.0000 0.0000 0.0000 0.0000 2.1708 0.0000 0.0000 3.4985 0.6640 0.0000 0.0000 0.0000 0.5252 0.0000 0.9648
ACSM2B 0.0000 0.8749 0.0000 0.7915 0.0000 0.0000 0.4219 0.9276 0.0000 0.0000 0.0000 0.5831 0.0000 0.3987 0.0000 0.3332 0.0000 0.0000 0.4824
ACSM3 14.2209 11.8810 6.3074 147.1429 55.7519 115.6603 771.3122 73.3720 29.2547 130.3706 308.0426 104.1633 171.8858 157.5718 174.0289 479.1521 679.9422 280.7348 143.5339
ACSM4 0.0000 0.0000 0.0000 0.0000 0.0000 0.0000 0.0000 0.0000 0.0000 0.0000 0.0000 0.0000 0.0000 0.0000 0.0000 0.0000 0.0000 0.0000 0.0000
ACSM5 44.9935 40.2450 10.6007 8.7060 3.1008 11.5068 3.7975 1.8553 25.3256 31.7647 5.1100 32.6531 5.3121 5.5821 3.4376 7.6645 3.6765 4.7790 19.2961
ACSS1 633.5976 692.9134 674.0283 433.7159 765.8915 623.0137 1202.9536 455.4731 390.0145 461.7647 587.6482 780.7580 1132.8021 2050.6380 885.1839 1003.3849 1198.5294 512.5448 687.4228
ACSS2 891.0197 771.6535 754.4170 771.6660 1598.4496 646.5753 656.9620 935.0649 675.8321 884.7059 672.6017 795.3353 482.7357 1060.2073 1011.0003 619.1595 740.5462 464.1577 547.0438
ACSS3 109.1647 66.4917 115.7244 132.1725 17.0543 234.5205 59.9156 50.5566 129.5224 157.6471 193.5407 93.2945 30.5445 281.1005 45.3764 175.6173 198.5294 102.1505 90.2092
ACTA1 60.4831 298.3377 465.5477 198.6545 4.6512 1.6438 5.0633 1.3915 236.6136 57.0588 31.2987 20.9913 7.9681 6.7783 4.4689 2.3327 12.6050 4.7790 1.9296
ACTA2 168536.6992 162893.9895 230926.4841 160230.2612 32668.6589 37258.9096 17606.4304 11532.4490 235081.2880 129585.8353 22086.1511 121210.0058 15354.5286 6151.9976 19458.4118 46471.5792 15363.4454 13335.4719 46559.5718
ACTBL2 0.0000 0.0000 0.0000 0.3957 0.0000 1.6438 0.0000 0.0000 0.0000 0.0000 0.0000 2.3324 0.0000 0.3987 0.0000 0.0000 0.0000 0.0000 0.4824
ACTB 262364.0052 286270.3412 327192.5795 224157.0360 153706.9767 115792.8767 149082.2785 210216.6048 290471.6860 192609.4118 181082.5183 187198.8338 130444.8871 67068.1818 107611.5572 97425.3064 61946.9538 143148.1481 152500.2894
ACTC1 45076.1571 54971.1286 81455.8304 56792.6395 11571.3178 5578.0822 26.1603 47.3098 125733.5384 46861.1765 38.3249 46027.9883 270.9163 51.4354 2504.6408 9480.0044 361.8697 595.5795 10596.4418
ACTG1 22945.2333 44490.8136 30757.9505 52090.6213 101582.1705 71532.6027 212852.7426 194113.1725 36314.0376 54438.2353 173109.0263 67158.6006 92589.6414 68848.5526 107636.6449 51389.2349 62597.6891 186367.9809 73802.6783
ACTG2 208375.4379 228747.1566 367126.3251 190282.1528 29185.2713 25407.1233 10978.9030 5502.7829 376426.9247 94100.0000 18165.9947 114145.1895 7092.2975 3381.5789 13721.8976 54282.7556 11619.7479 7901.4337 39836.2728
ACTL6A 444.7723 433.0709 518.5512 485.9517 755.0388 983.5616 520.6751 693.4137 772.0695 617.6471 656.6330 483.9650 435.5910 1570.1754 758.3362 777.4483 720.0630 606.9295 635.3234
ACTL6B 0.0000 0.8749 0.0000 0.0000 0.0000 0.0000 0.4219 0.0000 0.0000 0.0000 0.6387 0.0000 0.0000 0.3987 0.0000 0.0000 0.0000 0.0000 0.0000
ACTL7A 0.0000 0.0000 0.0000 0.7915 0.0000 0.0000 0.8439 0.0000 0.0000 0.0000 0.0000 0.0000 0.0000 0.0000 0.0000 1.3330 0.0000 0.0000 0.0000
ACTL7B 0.0000 0.0000 0.0000 0.0000 0.0000 0.0000 0.0000 0.0000 0.0000 0.0000 0.0000 0.0000 1.3280 0.3987 0.3438 0.0000 0.0000 0.5974 0.4824
ACTL8 0.0000 0.8749 0.0000 0.0000 1.5504 43.2877 0.4219 0.4638 0.0000 0.0000 0.6387 0.0000 2.6560 0.0000 0.0000 0.0000 0.0000 0.0000 0.9648
ACTL9 0.0000 0.0000 0.0000 0.0000 0.0000 0.0000 0.0000 0.0000 0.0000 0.0000 0.0000 0.0000 0.0000 0.0000 0.0000 0.3332 0.0000 0.0000 0.0000
ACTN1 41399.9631 39908.1365 52622.7915 37707.9541 5954.2636 8240.5479 2457.8059 4172.5417 41166.4255 21757.0588 3444.1295 19277.5510 2237.0518 4018.7400 3054.6580 8824.1885 5720.0630 4798.0884 7019.9136
ACTN2 2399.4099 1384.9519 2131.6254 790.6609 3.1008 3.2877 0.8439 4.1744 1112.1563 94.1176 3.1937 103.2070 2.6560 0.7974 17.5318 113.6348 15.7563 2.3895 4.3416
ACTN3 12.5392 2.6247 6.1837 10.6846 1.5504 3.2877 0.0000 0.9276 5.0651 11.7647 3.8325 0.5831 11.2882 0.3987 0.6875 1.3330 1.0504 1.1947 5.3064
ACTN4 16218.4842 20867.2878 28817.4382 16027.4040 18082.3798 10256.0055 12365.7089 23914.2625 23364.5080 14060.1235 11379.9481 11992.1458 11984.7543 8777.8110 14852.0557 10798.3341 8252.1324 20733.4170 10102.6214
ACTR10 1061.4051 1146.9816 1198.7633 1185.5956 1130.2326 998.9041 1296.6245 1271.7996 1128.0753 1243.5294 857.8386 1125.9475 940.9031 1182.6156 1150.5672 898.7476 1078.7815 798.6858 1067.0732
ACTR1A 5679.5132 4576.5529 5297.7032 5277.7998 3717.0543 3191.7808 3229.1139 3403.5250 4460.9262 4469.4118 2216.4557 4270.5539 3370.5179 1600.0797 2604.3314 2361.0036 2713.7605 2491.6368 3395.6275
ACTR1B 1704.5916 1592.3010 2310.9541 1843.6882 1644.9612 1107.9452 1214.3460 1206.8646 1755.4269 1617.6471 1204.6788 1624.4898 1894.4223 1400.3190 1645.9264 1369.2821 1707.9832 1128.4349 1456.8540
ACTR2 4691.8680 5153.1059 4926.6784 5804.1156 6605.4264 7049.3151 3848.1013 6634.0445 4947.9016 5646.4706 4681.3845 4083.3819 2986.7198 8521.9298 5673.4273 5295.5128 4262.0798 6310.0358 5372.5108
ACTR3B 85.5615 69.9913 70.6714 64.8991 67.4419 129.8630 212.6582 68.6456 48.4805 91.7647 124.5559 90.3790 105.5777 98.4848 136.8168 152.9570 186.4496 118.2796 145.2030
ACTR3C 6.6384 6.9991 4.4170 17.0162 116.2791 15.8904 48.5232 68.1818 10.8538 12.3529 42.1574 29.1545 55.1129 85.3270 37.4699 54.9846 51.4706 46.5950 28.9441
ACTR3 4674.1656 4979.0026 5524.7350 6667.5900 7918.6047 4694.2466 2927.4262 7583.0241 4953.6903 4193.5294 4073.9351 4248.9796 2942.8951 3740.8293 3679.6150 2935.5089 2387.6050 4926.5233 3742.4745
ACTR5 160.7966 130.3587 147.5265 123.8623 195.3488 221.9178 186.4979 197.1243 108.5384 220.0000 197.3731 202.3324 280.2125 352.0734 214.5067 155.6230 200.1050 139.1876 194.8904
ACTR6 481.6522 471.5661 453.1802 498.2192 474.4186 516.1644 632.9114 479.5918 420.4052 476.4706 507.8047 518.3673 388.4462 652.7113 643.5201 513.8557 558.2983 444.4444 489.6380
ACTR8 468.3754 396.3255 449.6466 321.7254 319.3798 511.7808 564.9789 505.1020 444.2836 382.3529 452.2336 454.8105 467.4635 540.2711 471.9835 520.1872 588.2353 345.8781 466.9651
ACTRT1 0.0000 0.8749 0.0000 0.0000 0.0000 0.0000 0.0000 0.0000 0.0000 0.0000 0.0000 0.0000 1.9920 0.0000 0.0000 0.0000 0.0000 0.0000 0.0000
ACTRT2 0.0000 0.0000 0.0000 0.0000 0.0000 0.0000 0.0000 0.0000 0.0000 0.0000 0.0000 0.0000 0.6640 0.0000 0.0000 0.3332 0.0000 0.0000 0.0000
ACVR1B 409.3675 382.3272 306.5371 1239.8101 1110.0775 782.4658 940.0844 746.7532 356.7294 740.0000 1396.9420 569.0962 382.4701 834.9282 1006.8752 1450.2594 1314.0756 859.0203 947.9199
ACVR1C 49.4191 33.2458 37.9859 34.0324 72.8682 30.1370 19.4093 6.4935 2.1708 37.0588 45.9899 7.5802 27.2244 136.7624 6.8752 63.3156 6.3025 4.7790 4.3416
ACVR1 1326.9408 1135.6080 1174.0283 689.7507 441.8605 1179.7260 527.8481 334.8794 1074.5297 955.2941 907.6610 816.3265 280.8765 939.7927 466.4833 856.4262 498.9496 690.5615 693.2116
ACVR2A 466.1626 496.0630 343.6396 482.7859 492.2481 536.4384 546.4135 431.3544 497.1056 666.4706 639.3868 507.8717 416.3347 657.0973 633.5510 633.4888 857.6681 376.9415 399.9112
ACVR2B 360.6860 169.7288 208.4806 88.2469 97.6744 250.4110 212.2363 65.8627 206.9465 222.3529 314.2640 218.6589 148.7384 346.8900 99.0031 545.8467 391.2815 49.5818 116.2589
ACVRL1 691.1304 604.5494 709.3640 750.2968 184.4961 1415.3425 598.7342 637.2913 948.6252 1245.8824 1014.3319 689.2128 1749.6680 610.0478 506.0158 1042.3739 358.7185 430.7049 1635.3427
ACY1 160.7966 172.3535 153.7102 166.2050 705.6279 622.3726 1287.1350 470.2876 217.0767 305.9412 904.3139 448.7172 1801.4608 841.4394 848.9000 718.1317 1042.9412 710.2748 628.9846
ACY3 0.7376 1.7498 0.0000 1.1872 13.9535 5.4795 8.4388 1.3915 1.4472 20.5882 3.1937 18.6589 59.7610 13.9553 42.9701 0.9997 5.7773 1.1947 27.4969
ACYP1 51.6319 27.1216 32.6855 62.5247 93.7984 81.6438 98.7342 59.8330 107.8148 62.3529 65.7910 64.1399 152.0584 96.4912 78.7212 60.6496 56.7227 41.8160 52.5818
ACYP2 140.1438 171.4786 165.1943 173.7238 180.6202 177.5342 262.0253 103.4323 145.4414 142.9412 162.2420 159.7668 183.2669 193.3812 214.1629 131.6297 231.0924 216.2485 155.3334
ADAD1 0.0000 0.0000 0.0000 0.0000 0.0000 0.0000 0.0000 0.0000 0.0000 0.0000 0.0000 0.0000 0.0000 0.0000 0.0000 0.0000 0.0000 0.0000 0.0000
ADAD2 0.0000 0.8749 0.0000 3.8939 27.1240 2.8986 16.4093 23.4787 1.4472 0.0000 8.5592 4.9213 30.4781 13.0343 18.2881 14.3293 16.0399 9.0800 19.3154
ADAL 207.2654 181.9773 190.8127 262.7622 171.3178 148.4932 156.5401 93.2282 233.7192 144.7059 114.3359 190.0875 43.8247 161.8820 121.3475 107.6364 129.2017 78.8530 108.5404
ADAM10 961.8292 881.8898 672.2615 946.9727 808.5271 3213.6986 1547.2574 1131.7254 931.2590 1380.5882 2851.3713 1245.4810 255.6441 4947.3684 1867.6521 2804.8790 2064.6008 2559.1398 993.7481
ADAM11 35.4048 69.1164 45.0530 62.5247 54.2636 40.0000 5.9072 30.1484 55.7164 73.5294 28.7437 41.3994 23.2404 5.1834 21.3132 23.3268 52.5210 20.3106 16.8841
ADAM12 32.4544 154.8556 61.8375 103.6803 68.9922 1053.1507 79.3249 125.2319 969.6093 94.1176 208.8706 164.4315 263.6122 170.6539 138.8793 477.5326 60.9244 292.1147 399.4288
ADAM15 1487.7374 1364.8294 1628.9753 2099.1452 5475.9690 3802.7397 1485.6540 4614.6614 1829.2330 3264.1176 1423.7694 1901.4577 7082.3838 3435.8373 4357.3634 1210.6600 1248.4244 1664.8746 3163.5922
ADAM17 339.2956 405.9493 226.1484 553.2252 827.1318 709.5890 263.2911 908.6271 350.2171 424.1176 590.2032 279.3003 195.8831 786.6826 564.4551 432.8784 429.0966 870.9677 456.3523
ADAM18 0.0000 0.0000 0.0000 0.0000 0.0000 0.0000 0.0000 0.0000 0.0000 0.0000 0.0000 0.0000 0.0000 0.0000 0.0000 0.0000 0.0000 0.0000 0.0000
ADAM19 2242.3013 3364.8294 2292.4028 3966.7590 451.1628 730.9589 127.4262 472.1707 3206.2229 1098.8235 492.4747 1678.1341 786.8526 333.3333 288.4153 742.1249 147.0588 259.2593 1320.8166
ADAM20 1.4752 1.7498 0.8834 1.5829 2.3256 1.6438 2.5316 0.9276 1.4472 1.1765 1.2775 2.9155 0.0000 0.0000 0.6875 2.3327 3.6765 0.0000 0.9648
ADAM21P1 0.0000 0.0000 0.0000 0.0000 0.0000 1.6438 0.8439 0.0000 0.7236 0.0000 0.6387 0.0000 0.0000 1.5949 0.3438 1.3330 1.0504 0.0000 0.0000
ADAM21 2.9504 1.7498 0.0000 3.1658 0.7752 4.3836 4.2194 0.4638 3.6179 2.9412 1.9162 1.1662 1.9920 4.3860 0.3438 7.3313 1.0504 0.5974 0.9648
ADAM22 19.1776 9.6238 14.1343 16.6205 4.6512 97.5342 24.8945 6.4935 36.9030 36.4706 54.2936 16.9096 21.2483 35.4864 8.2503 186.6143 36.7647 34.0502 17.8489
ADAM23 51.6319 22.7472 51.2367 36.0111 806.2016 117.8082 12.6582 226.3451 49.9276 54.1176 32.5762 9.9125 11.9522 32.6954 39.8762 72.9795 10.5042 34.0502 71.3955
ADAM28 2.2128 15.7480 7.9505 3.9573 51.9380 227.9452 561.1814 114.5640 7.9595 130.0000 817.5975 183.6735 270.2523 226.4753 215.1942 535.5163 435.3992 351.2545 371.9319
ADAM29 0.0000 0.0000 0.0000 0.0000 0.7752 0.0000 0.4219 1.8553 0.0000 0.0000 0.0000 0.0000 6.6401 0.3987 0.0000 0.0000 0.0000 0.0000 1.4472
ADAM2 0.0000 0.0000 0.0000 0.0000 0.0000 0.5479 0.0000 0.0000 0.0000 0.0000 0.0000 0.0000 0.0000 102.0734 0.0000 0.0000 1.0504 0.0000 0.0000
ADAM30 0.0000 0.0000 0.0000 0.0000 0.0000 0.0000 0.0000 0.0000 0.0000 0.0000 0.0000 0.0000 1.3280 0.0000 0.0000 0.0000 0.0000 0.0000 0.0000
ADAM32 5.1632 8.7489 4.4170 11.8718 3.1008 3.2877 2.5316 6.4935 7.2359 9.4118 7.6650 5.2478 0.6640 24.3222 2.4063 3.6656 3.6765 3.5842 5.7888
ADAM33 1662.5853 1590.5512 2000.6007 1425.3898 418.6047 1089.8630 182.7004 151.6698 1534.0087 1403.5059 903.3175 1966.4315 916.9987 337.7193 456.5143 1200.8661 367.1218 903.2258 1126.5775
ADAM3A 0.0000 0.0000 0.0000 0.0000 0.0000 0.0000 0.4219 0.0000 0.0000 0.0000 0.0000 0.0000 0.0000 0.0000 0.0000 0.0000 0.0000 0.0000 0.0000
ADAM5P 0.0000 0.0000 0.0000 0.0000 0.0000 0.0000 0.0000 0.0000 0.0000 0.0000 0.0000 0.0000 0.0000 0.0000 0.0000 0.0000 0.0000 0.0000 0.0000
ADAM6 215.6519 9164.2082 152.1555 493.9612 3934.8760 10749.1178 1819.7300 24868.2978 3070.0507 49764.7882 5316.9835 28789.6676 416463.3865 69641.0845 981.2788 1411.3203 9699.6061 922.7419 292533.3677
ADAM7 0.0000 0.0000 0.0000 0.0000 0.0000 0.0000 0.0000 0.0000 0.0000 0.0000 0.0000 0.0000 1.3280 0.0000 0.0000 0.0000 0.0000 0.0000 0.0000
ADAM8 27.2912 64.7419 17.6678 47.0914 119.3798 600.0000 631.6456 213.3581 13.0246 125.2941 611.2819 445.4810 1684.5950 377.1930 613.9567 652.4834 529.4118 1554.3608 1030.8930
ADAM9 3340.5864 3395.4506 3480.5654 3788.2865 1178.2946 3377.5342 1137.9747 1705.9369 4843.7048 2429.4118 2229.8695 2405.8309 754.9801 2538.2775 2351.3235 2710.9054 1437.5000 3570.4898 2110.5086
ADAMDEC1 1.4752 8.7489 0.0000 0.3957 31.7829 67.9452 14.7679 148.4230 12.3010 82.3529 11.4975 132.9446 230.4117 148.3254 47.7827 58.9834 3.1513 23.8949 824.9074
ADAMTS10 107.6895 60.3675 85.6890 134.5469 32.5581 147.9452 27.4262 62.6160 99.8553 124.7059 119.4459 192.4198 260.9562 68.5805 98.6593 148.6249 81.9328 99.7611 137.0022
ADAMTS12 40.5680 48.1190 73.3216 85.8726 4.6512 43.2877 7.5949 9.2764 295.2243 67.6471 19.8012 30.3207 21.2483 8.7719 15.1255 32.9907 5.7773 4.7790 24.6025
ADAMTS13 31.7168 34.1207 29.1519 40.7598 13.1783 48.2192 147.2574 37.1058 36.9030 30.0000 286.1591 90.9621 136.1222 49.4418 128.5665 264.2591 222.6891 256.8698 86.3500
ADAMTS14 9.5888 34.9956 9.7173 59.7546 32.5581 286.0274 50.2110 55.6586 89.7250 42.9412 118.1684 81.6327 282.2045 68.9793 72.5335 371.8956 9.9790 54.9582 147.6150
ADAMTS15 174.8110 147.8565 132.5088 515.6312 52.7132 132.0548 1.6878 83.4879 307.5253 212.3529 18.5237 75.2187 7.9681 13.5566 46.0639 129.2970 9.4538 56.7503 70.4307
ADAMTS16 213.9037 216.9729 510.6007 366.4424 1.5504 215.8904 6.7511 0.4638 1775.6874 245.2941 3.8325 232.0700 11.2882 25.1196 92.1279 146.2922 1.5756 11.3501 100.8220
ADAMTS17 84.8239 65.6168 60.9541 121.4879 77.5194 26.3014 39.6624 72.8200 136.7583 53.5294 24.2724 57.7259 17.9283 11.1643 17.5318 52.6519 35.1891 25.0896 25.5673
ADAMTS18 1.4752 9.6238 2.6502 13.4547 9.3023 10.9589 0.4219 16.6976 13.0246 24.7059 2.5550 2.3324 12.6162 0.7974 21.3132 0.9997 0.0000 7.1685 16.4017
ADAMTS19 4.4256 13.1234 6.1837 7.5188 12.4031 107.3973 27.4262 14.8423 44.1389 19.4118 98.3672 12.8280 9.9602 7.5758 8.9378 74.6457 6.3025 65.7109 50.1698
ADAMTS1 12561.3129 18118.9851 4780.0353 44495.4491 3326.3566 23707.3973 10695.3586 13577.9221 5814.7612 21168.2353 24308.1959 13563.8484 6844.6215 6218.8995 4007.2190 8616.5802 3143.3824 25992.2342 9369.2112
ADAMTS20 0.0000 0.0000 0.8834 0.0000 13.9535 2.1918 5.0633 0.0000 0.0000 0.0000 4.4712 0.0000 1.3280 3.5885 0.0000 0.0000 0.0000 0.0000 0.0000
ADAMTS2 310.5292 243.2196 393.1095 249.7032 17.8295 490.9589 24.4726 112.2449 1062.2287 302.3529 125.8334 223.9067 107.5697 115.2313 172.2241 375.8944 26.2605 185.1852 405.7001
ADAMTS3 43.5183 41.1199 37.1025 91.4127 3.8760 46.0274 8.4388 19.0167 63.6758 41.7647 10.2200 28.5714 20.5843 14.3541 28.1884 23.3268 6.8277 19.1159 31.8385
ADAMTS4 1050.3411 6027.9965 297.7032 47556.3910 613.1783 4346.3014 782.2785 3279.6846 599.1317 3479.4118 4307.0781 1055.3936 3922.9748 367.6236 222.7570 178.9497 231.6176 10090.8005 3359.4474
ADAMTS5 679.3288 412.9484 346.2898 374.3569 42.6357 1328.2192 140.9283 143.3210 856.7294 884.1176 417.7412 330.0292 322.7092 199.3620 164.3176 387.2246 148.6345 262.8435 405.2177
ADAMTS6 67.1215 108.4864 48.5866 305.5006 20.1550 111.2329 16.8776 24.5826 114.3271 151.1765 46.6286 85.7143 31.8725 13.9553 16.5005 31.9910 11.0294 36.4397 55.9586
ADAMTS7 80.3983 111.1111 222.6148 132.5683 38.7597 477.2603 129.5359 60.2968 226.4834 163.5294 174.3782 153.3528 234.3958 430.2233 141.6294 205.6089 54.0966 222.2222 202.1264
ADAMTS8 259.6349 428.6964 534.4523 1419.4697 253.4884 838.9041 182.2785 117.3469 915.3401 495.8824 585.7320 316.0350 114.8738 96.0925 85.5964 443.8753 19.9580 412.1864 315.0085
ADAMTS9 489.7658 974.6282 254.4170 5237.4357 143.4109 1026.8493 116.4557 1232.8386 1023.1548 918.8235 229.3106 306.1224 1219.7875 116.8262 236.1636 366.2305 79.8319 1293.9068 1095.5349
ADAMTSL1 346.6716 121.6098 79.5053 197.0716 41.0853 430.1370 38.8186 115.0278 249.6382 634.7059 162.2420 226.8222 229.7477 68.1818 112.4098 106.3035 120.7983 183.3931 351.6710
ADAMTSL2 53.1071 71.7410 42.4028 113.9691 35.6589 550.1370 352.3207 152.5974 86.8307 164.1176 735.1990 70.5539 225.7636 226.4753 107.9409 903.7462 81.4076 347.6703 319.3501
ADAMTSL3 1552.6461 1263.3421 1237.6325 2039.1769 186.8217 460.2740 57.8059 111.3173 1916.7873 1508.8235 440.0974 1224.4898 5.9761 112.0415 207.9752 560.8425 109.7689 222.2222 307.7725
ADAMTSL4 2436.2899 2026.2467 2545.9364 3087.8512 1969.7674 1720.0000 314.3460 893.3210 4234.4428 2185.8824 955.5671 2317.2012 675.2988 703.7480 761.4300 1347.9548 397.0588 1054.3608 2955.6769
ADAMTSL5 20.6528 50.7437 120.1413 42.3427 448.0620 95.8904 112.6582 470.7792 82.4891 80.0000 164.7970 54.2274 29.2165 65.3907 415.6067 103.3043 127.1008 304.6595 75.2547
ADAP1 345.9856 487.7690 359.5406 119.4776 82.4186 286.2575 308.5527 150.2597 210.1375 122.6941 262.7554 177.8076 444.9402 368.4649 455.8646 256.5713 365.6460 298.4170 339.0707
ADAP2 124.6543 174.9781 74.2049 70.0435 149.6124 242.1918 115.1899 126.6234 204.0521 148.2353 114.9746 183.0904 222.4436 121.2121 158.4737 137.6280 65.6513 56.7503 279.3107
ADARB1 10084.4551 10180.2275 10864.8410 7853.9770 1058.1395 989.5890 253.5865 262.5232 6055.7164 4110.5882 338.5365 4805.8309 577.6892 243.6204 536.2668 1442.9281 349.7899 445.0418 997.6073
ADARB2 15.4896 2.6247 1.7668 2.3744 0.0000 1.0959 0.8439 8.3488 0.7236 2.3529 9.5812 3.4985 0.0000 13.1579 0.6875 0.0000 0.0000 4.1816 1.4472
ADAR 4213.9037 4387.5766 4121.9081 3833.3993 3534.1085 7652.6027 4071.3080 4230.9833 4505.7887 5767.6471 6021.4779 4285.1312 4674.6348 5458.5327 7067.3771 6058.9651 5427.5210 4241.9355 4423.1437
ADAT1 134.9806 170.6037 136.9258 91.0170 64.3411 269.0411 92.8270 122.9128 132.4168 147.0588 218.4518 133.5277 90.9695 216.5072 250.6016 388.5575 225.3151 166.6667 107.5756
ADAT2 73.7599 45.4943 51.2367 66.8777 180.6202 83.8356 58.6498 99.2579 70.1881 80.0000 109.2259 101.4577 152.7224 73.3652 113.7848 266.5918 173.8445 121.2664 168.8407
ADAT3 7.3760 12.2485 10.6007 30.0752 82.1705 44.9315 93.2489 74.2115 26.7728 7.0588 33.2149 20.9913 233.0677 122.8070 55.0017 19.6611 44.1176 37.6344 81.5259
ADA 118.0159 89.2388 125.4417 152.7503 333.3333 272.8767 45.5696 337.1985 159.1896 236.4706 63.8748 280.4665 587.6494 138.3573 126.5040 65.9815 29.4118 48.9845 315.0085
ADCK1 210.2157 174.1032 217.3145 146.4187 232.5581 135.8904 171.3080 151.6698 240.2315 227.6471 107.3097 190.0875 257.6361 132.7751 256.7893 203.9427 220.0630 103.3453 149.0622
ADCK2 524.4330 400.6999 530.9187 258.8049 610.0775 644.9315 1605.1519 739.7959 589.0014 590.0000 808.0866 731.7784 1222.4436 1067.8230 1218.6318 873.7546 1046.7437 459.3787 592.8720
